11101
101011000
100011101000
1110100001010
100001101100
11111111100
1110010001111
1100010010000
1010011001100
1001001001000
1001011111110
1101000011111
1110000101
10001000000100
10001000011101
10011000011111
100101010010
1011110000001
100111110100
1110111001010
1110111100011
110111010
111111010110
10110001000
10101011101
10101011001
1111101001010
1100000100001
10000101001010
1011011110101
1111010011111
11011111110
1010010111110
1001010000
1101111001011
1010101101001
10010101101100
111011011
10010110010110
100000001011
11111110001
10001001111100
1111110010
1111000100100
10001011000011
1000000011111
1001111001001
10000011100101
1111011111001
10001000010010
1110011100011
111100001011
1000100011010
10001111001111
111110110110
1010001001101
10110101
110001000111
10011001111110
10010100101010
111010000011
101010110011
11100111111
101111010000
1110110111110
11010011101
1110000101110
111100111101
100100001010
1010110001
1101111010010
10000110101101
1010001111010
100101110011
110010100110
10100010100
1100011001100
1000110110000
1110101011
1010010100
1000011010101
1011100001011
100101011100
11010010011
11101011111
1101001001111
10010110101101
1010001101001
10010111001111
1000100100010
1010101110001
1111111010010
1101010010000
1100100000010
1110010010111
1010011101011
1011000110101
10011110001
101110000011
1011111010101
10001001101110
1111010110101
1000000100110
10001110011
1011111011110
10011100000001
101011101001
1000001110001
11010100110
1001101001
1100101010000
11111100110
1001011101001
10000011010111
1111101100101
1111001110111
10000101111111
1001110101110
1000110000000
1000100011111
100101001001
1010000000
10000111100001
1000110001
110110001001
10101100101
1011010001
10011010000010
101100110101
10010011010
111111011101
10001111100100
10010001100010
10110101100
1111011011000
10010101110011
1110101010011
1011011011111
1111101001111
110101011101
111010010001
1101111100100
1010010001000
111101001
1101010100011
10010001011010
10010101010001
10000011110001
10011010011000
10001010111110
10010010110
111001000001
1100011111000
1111011011101
11001111
100000011001
1011000110000
11101001100
101110100010
1111000011000
10000010101110
1011110111011
110101110000
101000011011
100011100001
100011111000
10000101100001
10011011010111
1000101000011
10001110000111
10000001000100
1110011011001
1110100101
1101110101011
1100100110
1010000010001
100010000100
1101100011100
11010110100
10001011001
1100010001111
1100101011010
10000111001100
10001111110001
10111001100
10010110000111
1111111110111
1100001001000
1000100111101
1011011001
10011111000
10011010100100
11011101010
110111010111
1001010010110
10100011101
10000001111111
1111011111111
110111011110
10110001110
11011001100
10001010100010
10111110111
111000011
1000010110
10001100010001
10000100001111
11001000101
1110010000
10010100111101
10001011000
110001111000
1011100101
1100101111011
11101111000
1101001000
1011110101001
111111101101
1101111110110
111100001001
101011011100
101110010110
1100000010000
10100001101
11101100001
1011100111000
1101011111010
1011100001001
10000101000111
1101010001010
10010000111101
1011110010011
110011011001
10000010101
11000000011
1110111011100
111000110101
11110111
1000100001
10010001101001
1101110000000
10000110001000
1001000000100
1010110110100
10011000101110
1011111001101
11010000110
10001100000111
111000110001
110110110001
111101011110
10111100100
10100111011
110101000111
10000110110110
110001111110
1110110010110
1111011010100
10001111110
1011101111000
110000011111
1100111001001
10000001000101
110001111001
1010100011001
100111101101
1010110100
10001111110010
111000110111
10011001101
1110000010101
10000100100000
1110010000110
1011100101110
101101010010
111000110011
11000110110
110110010000
1110011010000
1100010110011
100111101010
1010110111001
10000001010111
110010011110
1111011100101
100100000110
11000010000
1010011100011
1000101001100
1111000110110
1010110101010
1110101000101
10001101101010
1000110010011
1000100111000
110001100001
10000110001
10010001101100
101010100010
1011000001001
1001101100010
1001010000001
101001010110
1100101001100
111100001111
1110100111110
1000110
11001000010
1110110101001
10000110011110
1010010010
110010111001
1000111000101
1111101110101
1100000100110
10110110001
1101001001100
10000100011011
110101001011
10011000110011
10010111010101
1001010101
1001000110011
1111111001111
1001001010011
1101010000101
100001110010
1011001001110
10001001100010
1010110001010
10000011111110
111001101000
1010111001110
1001111101010
110001001010
110000111111
10001111011110
1100111100
1101001110
10000010111
100111101100
1010011111101
1110000100
1100011000110
10010100000010
1000110101000
111010100101
1001110011100
101011101010
1011010011110
10000000111100
1000001011110
110100101010
1000101000111
1111110100
10001100100100
10001000010100
10000010011101
1000110010000
10011011001101
10010100
100001011011
10010101011101
1011011101010
1000101011011
110001111
1101011100011
11001100110
1000010000010
1010010011110
1111000110111
1100011111
1111000001001
10000001001010
10011011110
1100111110000
1001110011111
10001010111100
10011001001110
10001011100100
1001010101111
1101011101010
110000100110
110101001110
1000101001111
1111100110001
10001010000110
1110101011010
11011110001
10011001100000
111001110011
10000011011010
101011001101
1100010111100
101001111011
10010000101011
1110000001001
10000001100001
11011000111
1010000001100
101101001000
1011010011
11100000110
1100110000010
111110001010
1001100100000
101010110010
1101010100110
11000000001
1011110100101
11011001011
10100111010
100110111100
1011011110011
111110000010
1101001011
10000110001011
10011011001000
11010010100
1100100110100
110000000101
1010001110100
101000001101
1001110001110
100101000
110110011101
10111100001
10010101010100
1111010100
1001100100110
10010111011110
1111011111100
10001000001111
101011100011
110011111010
11010100
1101100001011
1111100101100
101011111110
101010111010
110110100011
1001100111000
1011000000100
1010010000110
1001011100111
10010101010011
111001010111
1011001111
111110100100
1011000010010
1000001011
1011010
100101111001
101011111011
101000110011
101100001010
10010010010000
101100010001
1110111100
1010011111000
10011001110010
1100000110011
1100011010110
10000110100101
10001000100100
10001000010
1110010001100
1001000000101
1101011110101
111000000001
100010
10010101100
111111010
110000010100
1000000001000
10000001110011
1111101000011
11000000
10111010111
10000111011101
1001011011110
1110110010
10000011001010
1100100101111
1011010101111
10001001101
10000011101110
1101111101010
10001001010111
1010011011110
10000011011110
1110010001010
1011100110001
1111010111001
111110
10100000100
1010001100000
1001111010001
101001000010
11111000011
1111001100000
101000100000
11010000011
1100111001000
1011111001001
1111111001100
1111101001100
1111011010011
100110110110
1110101010111
1111111000001
11011101111
11111001010
111010100111
1010001000101
101111111111
10010100001
100100110010
1011010100110
1010111000110
1001011010010
100101101010
10001011010101
1101000101011
10000110101010
111100010111
11000100000
1100011111010
101101011
1100101011011
10100101
1100010001000
111110011001
1110100111101
1000001111110
111000101111
10001000011111
1110011
1111010000001
11111010110
110110101100
1101111010
1100000101110
1100101001
1100010110111
1100101100011
11100011000
101111010
1001111101
110111100010
1110011111110
1001101111
110010000011
100101111011
10011001110001
1100001111
1111110100101
1100001010000
1111101000101
110000000
10001011010010
10010111010100
11101011
10000000100101
1000110000101
1101011100111
1111101100011
1010100010101
1111110110001
1011010110110
100101101000
1000010100111
10011000001
1010101110111
11110011101
1111101110010
100011010011
1111100101110
1100011001010
100001110110
1001101111111
11011101110
1101100001010
1011010000111
10001010111000
1001101001001
111100010010
10001101111011
11001111110
1010001011101
1010011100001
1010010110100
1111010110110
1110001000011
1000111110101
111010100
111101001010
1000111011101
1100010001010
1000001101001
1111100011011
10011100000000
1000011110010
1100101101101
10001011010001
10001001011101
1000111000011
1100110001010
111101001011
1010101100110
101110110010
10010001010110
110001100010
101100111010
10000111001111
11110010101
100000001100
1000000101110
1011001001101
1101000001111
1001011111111
11100011001
111011010010
111001111011
1111011101
1101111010000
1011110100111
10010110001101
111100011111
1100101110100
10011100000111
1100001110011
10100010011
10010000100011
1011100100111
1101111100000
100010100
1101101101111
10100011010
10011000101001
1100010100100
110010000001
10000011111001
10101100000
1100000110111
111011111110
1100110100000
11110000100
110000110
110100001
11010001110
11001110110
1101010000100
111010110100
10010010101101
1010001010110
1100100110101
110110100010
110111111110
111101111
1111000000110
111100110101
100011100
1110110110001
1111011110100
10001110001100
100100000000
10001101000101
110101101001
1000001100011
100010101101
1110110011101
10000100001011
1101001110100
1001111101100
111010101100
11010110001
10011010110111
10011011010101
10011001011010
110011010001
10001100101011
10011010000111
1101000110110
11110111110
110011100001
1011100100001
1011000001100
1011010010110
1100100101110
10110100110
1100110
10011001100111
10000101101100
1000100100111
10000111101100
1111001100011
111110010111
10000101100011
10001010001000
10001000111011
100110101010
1100000000010
1011101011011
1100000010010
110000011101
1110100110111
10001000100010
10011011000
1111110001110
110011110001
1011101000000
1100100101001
10011010110101
10000000100100
10010010011011
10011010100011
10010001110000
11010110111
1011110110010
10000101010011
1100110111100
101001001000
100011101010
1001111000010
100011001000
1001111100010
11001001
1000010100001
11110111111
110001110111
100111101
1001101011011
100011011000
10001101010111
101101011110
10010100000110
101100011101
110001000011
1100011111100
110001001101
101111101111
1001001011111
110011000101
1110111111011
1110101101010
10010101100011
1000101011100
1010010110
10011011001110
11110100100
1011111011001
1101100010101
1010110100110
1110100011010
10000100011100
1101111101000
1100101100000
1001011111011
1110110000111
1100110000001
1111011000100
110111101111
10100001010
1101000010001
1000100110011
1011000110111
1011111001010
1011001100111
10111111100
10010100110001
10010001001010
1110011110101
10010101011001
111101010100
1000101010111
100100111011
1100111110010
101110010010
1001101110010
10011010011100
1011000010001
100110000101
10011100101
1110000000110
10001101111000
1001101011110
11010011110
1000100100
1101000111000
1110101000100
10001011110011
11111100100
10111
10110100
100000011011
101111010100
101111011110
1110000100110
1010100110111
10010100000111
101001101001
11001101
1100110101010
111011111011
1100110111111
11000110
1111011011010
110111000010
1101110001
1000100111
1000011101110
111110110100
10001110000110
10010010111111
1101100010110
111110011111
1010111110010
1110100100001
1101111110011
100101010
10001101100101
10001000011011
1110010111110
1011010011010
100111101110
110000010011
100110100100
100000101110
1010011100000
111011001001
1000001011101
100011011100
1101001000111
100000110101
11000001110
1101110101001
1110100101101
100101001111
1101101001010
1111001101000
1001101000010
1101011011101
10000010001010
1111110010100
1001000010010
1011001100
111111111001
1011001011010
100100010110
101000001111
1011001111010
1001011000011
110010100011
1111100101111
101111101011
101001000101
10010000000111
1110110101101
101011011001
10011000111001
1000010100
11101001001
10001100101010
10101111101
100100110011
1010011101101
1000000011001
11010001111
111001010101
1001000110
10101110011
1110100011000
100000111101
1100100100100
1100110001000
1111100110100
1011110000111
1010101011100
1001111110111
1101100110111
1110101000
1001000111110
10001101001100
1100100010101
10010011000110
1111101010001
1010011110100
1000111
100100100011
100110000
1001001101011
1011110011011
1000110011100
10010011001110
1010111000
1111011101000
1011100100
1011111000110
10000001001110
10001100001
1100101000011
110011100
1001101011101
110110010001
1011001011111
1100110100101
1111110001001
1000110011110
111110000011
111110010
1001111110010
1011001110011
1101010001111
1001100000111
1110001011111
1100111001101
1001010001100
100011001001
1000010000000
100110001100
1111100110111
111100101010
1001001010000
1111011110101
1011101010010
10010100001110
10110010010
1101101000100
1110101011001
10010010011110
1111010001
101011010100
1010101101
1000000
100001001
1111111111010
110111011011
1010111100110
10100110111
10001011101010
111100110010
1111011001101
10000000011011
10001001111
10000011011011
10000010011011
110010001000
1011000110
111111001011
10010101111
10011001001111
110100
1000010111000
1110101000010
1100101000111
1000000010111
110010111100
10010100100011
1111010111010
1001010010000
110101011111
1010101110100
100100110001
10001100111011
1000111111100
10000101011100
1100111010000
10010000101
10010001010
10001000000111
100111111000
10100110000
10111011000
10000000000100
10010101100000
100010100000
111011010000
1001001000100
10001110110101
101111011001
10100101111
10010101101010
1010110
1110110101
1011101101101
1110011101111
100010001100
1010010100001
110110010101
1000110100
10000111100101
10000111010010
1000100001010
1101001000110
1010101001000
100010100010
10011111110
1000111111011
110001001111
