217 98
214 0
196 150
208 29
220 231
213 177
200 152
173 -365
184 106
183 355
222 -291
190 -112
195 462
191 288
203 -509
205 105
195 559
202 -73
220 16
208 -95
195 895
209 -609
202 -224
215 -149
191 329
180 460
202 168
203 781
196 -1133
175 606
204 289
187 -1514
183 583
211 97
211 52
212 -324
195 400
184 -351
204 431
214 1323
215 -780
197 -463
187 733
169 123
208 -827
199 541
195 408
225 -1638
190 1165
174 -1260
181 1943
206 -1455
204 -241
213 1513
187 -949
199 59
162 -712
201 1679
184 -1573
212 1148
183 673
218 -1472
194 1196
210 -2015
210 1945
162 -603
179 -1303
195 517
219 397
189 114
217 203
205 -762
204 19
217 339
217 -115
197 445
216 -1037
223 -397
181 589
202 -236
213 47
216 -466
221 555
194 182
215 -618
187 472
195 -76
205 -359
225 39
203 -72
194 -237
204 21
195 -227
203 -51
208 149
213 -272
199 -239
178 109
178 -183
196 -78
